version https://git-lfs.github.com/spec/v1
oid sha256:4320342519a5203b3e3883b1e6a43389fea001609f54c4fe0fb61f10416bffd0
size 186
